3.350001 -0.0025645999 -0.0150343396
3.400002 -0.002819493145 0.0001595104499999998
26.408804 0.021109496057142855 0.0
26.518805 0.01664379594 0.0
26.578805 0.011691818633333333 0.0
26.638805 0.007616705919230768 0.0
26.698805 0.0038412175119999998 0.0
26.879773 0.000201045283 0.0
27.071708 0.00019197477249999998 0.0
27.647515 0.000197544972 0.0
28.319289 -0.00030316321284090913 0.0
28.607192 0.000614065664 -0.001113360617
28.895095 0.000316266513 -0.00146698192
29.470902 0.000207300562 -0.000506299043
29.56687 0.000384601295 -0.000258962475
29.95074 0.000536269754 0.000225119292
30.238644 0.000701445207 0.000793652567
30.334611 0.000682092082 0.000799621471
30.430579 0.0006817814328000001 -0.0001270611938
30.526547 0.0007357860045 0.0007444508560000001
30.622515 0.0005737003904 0.0004570387312
30.718482 0.000512885187076923 -0.00028282004761538465
30.81445 0.0005420152017500001 0.0
30.910418 0.0004904856990175439 0.0
31.006386 0.00044579804435 0.0
31.102353 0.00019177788885714285 0.0
32.54187 0.000175316106 0.0
56.167609 0.021453316914285713 0.0
56.27761 0.01650446880769231 0.0
56.33761 0.011872487919999999 0.0
56.39761 0.00767286862 0.0
56.45761 0.0037555926883333333 0.0
56.734545 0.000201070642 0.0
57.118416 0.000220761927 0.0
58.078094 -0.0003357675111724137 -0.00011764799610344825
58.365997 0.000631463892 -0.00125860066
58.845836 0.000179248145 -0.000697041205
58.941804 0.000179553567 0.000898215407
60.093416 0.0007039726855000001 -0.0008189540565
60.285352 0.0006860050348999999 -0.00016891794110000005
60.38132 0.0005871577287142857 -0.0005336436984285714
60.477287 0.0005405910537999999 -0.0003424384366666667
60.669223 0.0004551537282432432 0.00016354002113513514
60.765191 0.00042980564876388887 0.0
60.861158 0.00018971007092307693 0.0
61.6289 0.000199153686 0.0
85.926414 0.021672678633333334 0.0
86.036415 0.016440676081818182 0.0
86.096415 0.01184107146 0.0
86.156415 0.007639840393333333 0.0
86.216415 0.00380024146 0.0
86.276415 0.000204524546 0.0
86.301415 0.000193644666 0.0
86.781254 0.000191106546 0.0
86.973189 0.000198631059 0.0
87.261092 0.000188751629 0.0
87.644963 0.0001910311455 0.0
87.740931 0.00018245540000000001 0.0
87.836899 -0.00033912943324999987 0.0
88.316738 0.000463895858 0.0
88.508673 0.00028229743 -0.0021592045
88.604641 0.0 0.00271135907
88.700609 -0.00010539570945000001 0.0016268385825
88.796576 0.000485952742 0.000462550345
89.660286 0.0004388243175 0.00029136977450000003
89.756254 0.000671951824 -0.000797159019
89.852221 0.0006896038498 0.0005006529342
89.948189 0.00061166826125 0.000880613639
90.044157 0.0006762784149999999 0.0
90.140125 0.0006364130180909091 -0.00012224787899999995
90.236092 0.0005296362522916666 0.0
90.33206 0.0005013369231851852 0.0
90.428028 0.0004863593992745098 0.0
90.523996 0.0004552610465189875 0.0
90.619963 0.00018438142272727274 0.0
115.685219 0.0214390591125 0.0
115.79522 0.016360610525000003 0.0
115.91522 0.0076022314250000006 0.0
115.97522 0.003828382835 0.0
116.540059 0.000198002043 0.0
116.827962 0.000189509732 0.0
117.595704 -0.0003411010510606061 0.0
117.979575 0.000460740198 -0.00109250112
118.075543 0.000409743926 0.00104736043
118.17151 0.000402522075 0.00174177681
118.363446 0.000573932899 0.000226216905
118.939252 0.000102163664 -0.000445156447
119.131188 0.000557336864 0.000187234216
119.515059 0.0006578434783333333 0.0007832404093333333
119.611026 0.0006275834344 -0.0007904538534
119.706994 0.0006987590448750001 0.0
119.802962 0.000586570928 0.0
119.89893 0.0006141259469090908 0.0003817465433636364
119.994897 0.0005066725267999999 0.0
120.090865 0.0005057075599459459 0.0
120.186833 0.00046837615512244907 0.00012281094489795916
120.282801 0.0004464013195714286 0.0
120.378768 0.00019006218139999999 0.0
121.530381 0.000175147025 0.0
145.444024 0.021499047174999997 0.0
145.554025 0.0165296449 0.0
145.614025 0.011846948128571429 0.0
145.734025 0.003803659043333334 0.0
145.794025 0.000195835803 0.0
145.819025 0.000192165591 0.0
146.202896 0.000190080737 0.0
146.682735 0.00018779946 0.0
147.162573 0.000193808535 0.0
147.354509 -0.0003480636871627907 0.0
147.834348 0.0004229398543333333 0.0011943627713333334
147.930315 0.000336623449 0.00130589901
148.314186 0.00017354484 0.000542022424
148.410154 0.0 -0.000613097984
148.889993 0.000768261116 -0.000348613948
149.177896 0.000681004553 -0.00100734164
149.273864 0.00070459348 0.00105341735
149.369831 0.0006853348855 -0.00048208542775
149.465799 0.0006439695666 -0.0007129790807599999
149.561767 0.000589380606 -0.00025169331799999997
149.84967 0.00041988568334042564 0.00013196638848936166
149.945638 0.00041757665201754387 0.0
150.137573 0.00019887579349999997 0.0
150.233541 0.000172326285 0.0
150.521444 0.000174708265 0.0
151.097251 0.000168695385 0.0
175.202829 0.02132884486666667 0.0
175.31283 0.01627994172727273 0.0
175.37283 0.011843774100000001 0.0
175.43283 0.0076681478425 0.0
175.49283 0.0038069983916666664 0.0
175.55283 0.00020968827566666666 0.0
175.865733 0.000188209788 0.0
176.921378 0.00018992719850000002 0.0
177.017346 0.000221225313 0.0
177.68912 0.000364934466 0.00149900645
177.881056 0.0 -0.00178633148
178.072991 0.000156841603 -0.00106581512
178.360894 0.000315957956 0.000359107589
178.648798 0.000284870947 -0.000314055491
178.936701 0.000737728724 0.0010451061
179.128636 0.0006677712033333333 -0.0008038499933333333
179.224604 0.0006456507971428571 -0.00036424770014285715
179.320572 0.0006344223943749999 -0.0004891038721249999
179.41654 0.0005629629757999998 -0.0002953184456
179.512507 0.000547458344125 0.0
179.704443 0.0004886101929166667 0.0
179.800411 0.00045233748181967224 -0.00017940986727868846
179.896378 0.0001904783565 0.0
180.184282 0.000164530317 0.0
180.376217 0.000168544736 0.0
180.856056 0.000168556697 0.0
180.952023 0.000199938047 0.0
204.961634 0.021499173450000002 0.0
205.191635 0.00752225396 0.0
205.251635 0.00380278354 0.0
205.311635 0.000193336655 0.0
205.720506 0.000147031354 0.0
206.104377 0.000196615765 0.0
206.488248 0.000186506376 0.0
206.680183 0.000258421601 0.0
206.776151 0.000182677929 0.0
206.872119 -0.00035783041283333334 0.0
207.25599 0.000626758037 -0.00146223351
207.351957 0.000579710714 -0.00133068964
207.735828 0.000533113921 -0.000292421066
208.50357 -0.000393765289 -0.000449382392
208.599538 0.000505594354 -0.000747062217
208.695506 0.000748273096 0.00104031217
208.791474 0.0006359200313333333 0.00023701603600000001
208.887441 0.0005662802558571428 0.0
209.079377 0.0004889340665555556 -0.00013569018027777776
209.271312 0.0004957607734705883 0.00011225396205882353
209.36728 0.00048670867611538474 0.00010039152996153849
209.655183 0.000183586295375 0.0
210.518893 0.000168959644 0.0
210.710828 0.000175668337 0.0
234.078788 0.000309244829 -0.00389943093
234.720439 0.021412989528571427 0.0
234.83044 0.016496685516666665 0.0
234.89044 0.011804169466666667 0.0
234.95044 0.007664282058 0.0
235.01044 0.0037816486999999997 0.0
235.07044 0.000156809044325 0.0
239.413988 0.00018401842116666666 0.0
239.989795 0.000170350786 0.0
240.565601 0.000192297525 0.0
240.661569 0.000167374918 0.0
240.853504 0.000122046642 -0.000585435368
241.640444 -0.001732375845 0.005940733295
264.589245 0.016603510909090905 0.0
264.649245 0.011962572522222222 0.0
264.709245 0.00767456409 0.0
264.769245 0.003718527815 0.0
264.829245 0.000202785081 0.0
265.430051 0.000185949883 0.0
265.621987 0.000185049479 0.0
265.813922 0.0002060004865 0.0
266.7736 0.00042383768 0.000777618182
266.869567 0.000338997117 0.001351629
266.965535 0.000392812147 0.00147339789
267.157471 0.00014161337827666668 -0.00031180662800000007
267.349406 -0.000130323186 -0.00204277085
268.213116 0.0007006514455 -0.0009773860165
268.309084 0.000719259101 0.0004167181733333333
268.405051 0.000641368682 -0.000519165092
268.501019 0.0006513657452 -0.0004452519766
268.596987 0.0006676228505000001 0.0
268.692955 0.0005747862652727272 -0.00022053001699999996
268.788922 0.0005741605933571429 0.0
268.88489 0.0005097312620416667 -0.00012422734975
268.980858 0.00047463892059701495 0.0
269.076826 0.00045475784230434804 0.0
269.7486 0.00019070750700000004 0.0
294.238049 0.021759267833333335 0.0
294.34805 0.01638594249090909 0.0
294.40805 0.0118618879 0.0
294.46805 0.0076325411633333335 0.0
294.52805 0.0038194605971428566 0.0
294.58805 0.00018484708066666665 0.0
294.60055 0.000200661657 0.0
295.47676 0.000262363029 0.0
296.148534 -0.00038856382528301887 0.0
296.436437 0.000540054254 0.000961292217
296.628372 0.000464428282 -0.0008805809035
296.72434 0.00039769908850000003 -0.00010675771500000004
296.820308 0.00036978346 0.000694659439
297.012243 0.0 0.00074239446
297.204179 0.0 0.000683849057
298.067889 0.000641854595 -0.000955906383
298.163856 0.0006464550895 -0.000157100254
298.259824 0.0006908335386666666 0.00021850216433333335
298.355792 0.0005904852106666667 0.0007872173091666665
298.45176 0.0005333762069411764 0.0
298.547727 0.0005247732751724138 0.00012125458831034482
298.643695 0.0004920680335000001 0.00020243851724999995
298.739663 0.0004640923757962962 0.0
298.931598 0.00018850584483333334 0.0
299.219501 0.000171388887 0.0
299.891276 0.0001758299 0.0
324.106855 0.016815197211111115 0.0
324.166855 0.011680066616666665 0.0
324.226855 0.007625928753333334 0.0
324.286855 0.003833271188333334 0.0
324.346855 0.00012084421830000002 0.0
325.235565 0.000196349752 0.0
325.331532 0.000195890024 0.0
325.523468 0.0001906937605 0.0
326.29121 0.00046291892433333333 0.0003452231933333333
326.387177 0.000369978196 0.0
326.675081 0.0 0.00271507304
326.771048 0.0 -0.00163371552
326.867016 0.000366312782 -0.000493270573
327.058952 0.0 0.00061942483
327.154919 0.0002827512555 0.00034384511800000003
327.250887 0.000794964818 0.0
327.730726 0.000703047111 -0.00103378868
327.826694 0.0007215489469999999 0.0
327.922661 0.0006669087083333333 -0.0003489863526666666
328.018629 0.0006634793878571429 -0.00010640544499999999
328.114597 0.000658030888 0.0
328.210565 0.0004858720756666667 0.0
328.306532 0.0005262793062941177 0.0
328.4025 0.00046196139395238085 0.0
328.498468 0.0004698813157333333 0.00014064540435555558
328.594435 0.0004287175332337661 0.0
328.690403 0.00019844128133333333 0.0
329.650081 0.000153963021 0.0
330.129919 0.000174149766 0.0
353.755659 0.021403694953846156 0.0
353.86566 0.016424804924999998 0.0
353.92566 0.011720571407692308 0.0
353.98566 0.007638517763749999 0.0
354.04566 0.003813437645 0.0
354.514531 0.000198426548 0.0
354.610499 0.00019805714 0.0
354.802434 0.000188573496 0.0
354.994369 0.000187878022 0.0
355.666144 -0.0003237524898372093 0.0
356.050015 0.000515095057 0.000839284601
356.24195 0.000418548366 -0.000828959547
356.337918 0.0002127507175 -0.0012765416110000001
356.625821 -0.000223465127 -0.00246905904
356.913724 -0.000266451875 0.000919441264
357.393563 0.000271076171 -0.000301741065
357.489531 0.000690436596 0.000906905063
357.681466 0.0006814291706666666 -0.00044184089199999994
357.777434 0.0007134782696666666 0.00034898607566666664
357.873402 0.0006602416083333335 0.0
357.969369 0.0006222323114285714 0.00014991323042857143
358.065337 0.0005734379746666667 0.00024841287799999995
358.257273 0.0004684908809999999 0.0
358.35324 0.0004274560660563381 0.0
358.449208 0.000184754085875 0.0
359.408886 0.000165874316 0.0
383.514464 0.021409890537500004 0.0
383.624465 0.016414635099999998 0.0
383.684465 0.011687212614285711 0.0
383.804465 0.003817917285 0.0
383.864465 0.000197643368 0.0
384.177368 0.00019067107 0.0
385.041078 0.000194960295 0.0
385.233013 0.000185470692 0.0
385.424949 -0.0003283249243139999 0.0
386.000755 0.000330004875 0.00133184334
386.096723 0.000148723025 -0.000940155791
386.384626 -0.000102882777 -0.00176118843
386.480594 0.000157610617 0.000594539061
387.248336 0.000613280458 -0.000196706351
387.344304 0.000699707563 -0.000887890316
387.632207 0.0006102373957500001 0.0004006864815
387.824142 0.0004772654229999999 0.0
387.92011 0.00044938264204 0.0
388.112045 0.00045288032989534885 -0.00010610588670930235
388.208013 0.00018209516716666667 0.0
388.399949 0.000141441026 0.0
388.78382 0.000170228864 0.0
388.879787 0.00017719517 0.0
388.975755 0.000169554501 0.0
413.38327 0.01641426026 0.0
413.44327 0.011746339775 0.0
413.50327 0.007675565931999999 0.0
413.56327 0.003832430235 0.0
414.032141 0.000203772821 0.0
415.183754 -0.0003234002374153847 0.0
415.471657 0.000513810309 -0.000964257516
415.75956 0.000391839282 0.00048552823100000004
415.951496 0.0001827045982 0.00028822706449999996
416.047463 0.0 0.00156120335
416.911173 0.0 -0.000444831526
417.103109 0.0006933114607500001 0.00045458834024999996
417.199076 0.0006929166055 0.0007611177124999999
417.391012 0.0006458290113333334 -0.00045064585650000005
417.486979 0.0005793495387142857 -0.0006073474277142859
417.582947 0.0005335757113571429 0.00010921652264285717
417.678915 0.0004549207610400001 0.0
417.774883 0.0004867122067499999 0.0
417.87085 0.0004350574881447369 0.00010219497635526327
417.966818 0.00018965468 0.0
418.350689 0.000146139372 0.0
418.926496 0.000176133051 0.0
419.214399 0.000200862671 0.0
443.032074 0.02134135348888889 0.0
445.518365 0.0003642533913333333 -0.0006013935233333334
446.094172 0.000110571377 -0.000584079821
446.286107 0.0005385492805 0.000217010068
446.669978 0.000745475933 -0.00045933226300000005
446.765946 0.00070854298 0.000867193088
446.861913 0.000620100075 0.0006558279075
447.053849 0.0005712529618 0.00010254998800000002
447.149817 0.0005525811983333333 0.00012535097641666666
447.245784 0.0005336460412941176 0.0
447.341752 0.0005191733307931034 -0.00010666025200000001
447.533688 0.0004578102018596489 0.0
447.629655 0.00041619832493902453 0.0
448.781268 0.00014031109 0.0
471.804228 0.00248479879 0.00453742482
473.02088 0.0076809641275 0.0
474.248023 0.000186690922 0.0
474.626594 0.00022141430949999997 0.0
474.81588 0.000192312746 0.0
475.099808 0.000183016378 0.0
475.194451 0.00018238333 0.0
475.289094 0.00018228526 0.0
475.383737 0.0 0.0
475.47838 0.0 0.0
475.667665 0.0 0.000116402658
475.762308 0.0 0.0
475.856951 0.0 0.0
2.9 -0.000753936215 -0.00288432744
10.864602 0.00321502883 0.00751289491
12.354602 -0.008094045058000002 0.0
12.416342 -0.00793318428846154 0.0
12.478082 -0.007776442973500002 0.0
12.539822 -0.007666181729795918 0.0
12.601562 -0.007529957635460989 0.0
12.713302 -0.003872014540802135 0.0
12.763302 -0.0003080276086857144 0.0
14.071909 0.00452680076 -0.00813796283
14.351909 0.000897816049 0.00552131649
14.410659 0.000675337834 0.00444529147
15.524396 -0.00684194738 0.0064939204
15.811896 -0.00840687978 -0.00337787292
16.009508 -0.008188941523 0.0
16.262175 -0.004358510333636365 0.0
16.312175 -0.0009416746123199995 0.0
16.362175 0.000857818492 0.00287019742
16.818978 -0.0034214046024000004 0.0
16.861153 -0.0033374327837719293 0.0
16.903328 -0.0032835450820108696 0.0
16.995503 0.000364867785676259 0.0
17.984203 0.0012492671835 -0.0002142601850000001
18.049203 -0.000269648737 -0.0032570509
19.802903 0.000989144247 0.00331321446
23.247703 0.0 0.0
28.319289 -0.00047350079451724146 0.0
28.70316 0.0006766804283333334 0.000477122595
28.991063 0.00073283887 0.000238519612
29.56687 -0.000670517017 0.00256529894
29.662837 -0.000661716247 -0.00178456625
29.758805 -0.00022132301500000002 0.00023988433799999997
29.854773 -0.000802663212 -0.0012901101
30.046708 -0.000593280005 0.00065608764
30.142676 0.000786508466 0.0004255441435
30.430579 0.000683017836 -0.0007122852
30.622515 0.0 -0.00028046908475
30.718482 0.00031044896799999993 0.0
30.81445 0.0005125318027435897 0.000193156899
30.910418 0.0005009534240694443 0.0
31.006386 0.00047678422220879136 0.0
42.175147 -0.007948248143333335 0.0
42.236887 -0.007794888882727274 0.0
42.360367 -0.007537918459119497 0.0
42.522107 -0.00029567101558620687 0.0
44.345714 0.00235907986 -0.00236785403
45.768313 -0.008236312499166667 0.0
45.835869 -0.008002797693076923 0.0
45.903425 -0.007916469926666666 0.0
46.02098 -0.004374938302500001 0.0
46.07098 -0.0009105481590999997 0.0
46.754308 0.00032491753943859653 0.0
52.764658 -0.0070691933549999995 0.0
52.835583 -0.0069513098524999995 0.0
52.956508 -0.00340071693 0.0
58.174062 0.000716007725 -0.000542709496
58.365997 0.000683029355 -0.000334557626
59.51761 0.000470512193 0.000207069341
60.189384 -0.00068950811 0.000594084462
60.38132 0.0 0.0002393712185
60.477287 0.0004084787827857143 0.00013037521092857141
60.573255 0.0004252340942500001 0.00014387573145
71.933952 -0.007916869528 0.0
72.057432 -0.007671796067868853 0.0
72.280912 -0.0003152665916076925 0.0
75.594674 -0.008004493358857143 0.0
79.099588 -0.008607109745 0.0
82.715313 -0.0033953198049999998 0.0
88.604641 0.0005452837705 0.0
105.53859 -0.0043936545861855665 0.0
105.58859 -0.0008888527994666668 0.0
106.053217 -0.00359009859 0.0
106.137567 -0.003348583028125001 0.0
106.179742 -0.0032707579180662996 0.0
106.271917 0.0003394204112827586 0.0
108.858393 -0.00861271554 -0.00219556454
112.211343 -0.007204502985 0.0
112.282268 -0.007018635 0.0
112.474118 -0.003398789475 0.0
112.524118 0.0 0.0
114.560568 0.00397951946 0.00472007839
115.10398 0.000878173787 -0.00360295818
117.883607 0.0005991951163333333 -0.00020999310533333334
117.979575 0.0005860851793333333 -0.0005803001196666666
118.075543 0.000370758171 0.000697531231
118.651349 -0.000538019342 0.0022516264
119.03522 0.000745832775 -0.000200771097
119.227155 -0.00109577943 -0.0015186571
119.802962 0.000510360444 0.000798598793
119.994897 0.000502722815 0.0
120.090865 0.0004989798305771429 0.0
131.389822 -0.008051484157272727 0.0
149.273864 0.0 -0.0004456930115
149.369831 0.000816787443 -0.00024802311205
171.870803 -0.006958542965 0.0
177.593152 0.000742237502 0.000253590712
177.977023 -0.000564033541 0.0
178.456862 0.000258724249 0.00139286848
178.936701 -0.000752589359 -0.000984828017
179.032669 -0.000441676672 0.000611819271
194.629894 -0.008020937171463413 0.0
194.697449 -0.007933681467291665 0.0
201.416833 -0.00731096333 0.0
201.487758 -0.0071513674 0.0
207.447925 0.000518129791 0.000471721413
207.543893 0.000738195227 -0.000262615358
207.639861 0.0005154246929999999 0.0007128443546666666
207.927764 0.00074140768 -0.000183494528
208.791474 0.000664119648 -0.00060573077
208.887441 0.00010960410666666662 -0.00019343318066666665
208.983409 0.00029932843139999994 0.000168629345
209.079377 0.000457152693368421 0.0
209.271312 0.000521750933931818 0.0
209.36728 0.0004857702133968254 -0.00013281115326984122
209.463248 0.0004992001635308643 0.0
209.559216 0.00048686141328421035 0.0
220.851457 -0.007657257507608697 0.0
224.321143 -0.008218380085 0.0
225.172787 -0.0033151913770634923 0.0
225.307137 0.0003270733509426229 0.0
226.620837 -0.00195067793 -0.000441692541
227.893612 -0.00832015308 -0.0021505112
231.246562 -0.00722490729 0.0
231.388412 -0.0069521673725 0.0
231.509337 -0.00340509719 0.0
231.559337 0.0 0.0
240.085762 -0.000501570841 -0.00350461753
241.37044 0.00580376452 0.0153634352
250.425042 -0.008244762227142858 0.0
250.672002 -0.007538084749609375 0.0
250.783742 -0.0038675053167512704 0.0
252.598598 -0.000476356964 -0.00248710626
253.594836 -0.00702485341 -0.0064863142
254.332615 -0.004389084737317073 0.0
254.597242 0.000389823014 -0.0019333494699999999
254.973767 -0.0032805397276829285 0.0
255.065942 0.0003426366570064935 0.0
255.924642 0.00370881694 -0.00625351602
258.092042 0.000836327443 0.00273952764
261.076292 -0.007097227603333333 0.0
261.268142 -0.0033880341433333333 0.0
266.389729 -0.00045634717153333334 0.0
266.485696 0.000705696635 -0.000419814467
266.581664 0.000639081202 0.000356917744
266.7736 0.000544096391 -0.000903599833
267.157471 0.000496938975 0.00025940577
267.349406 -0.000468774781 0.00244725441
267.541342 0.000507882606 0.000173624572
267.637309 0.000598514206 -0.000118090829
267.733277 -0.0004629446364 -0.0015347688375
267.829245 0.0 0.0009015258790000001
268.213116 -0.00016195757900000003 -0.0004058402805
268.309084 -0.0007212586219999999 -0.00028921667799999996
268.692955 0.00024169561575 -0.000457241318
268.788922 0.0004936106071111111 -0.0002735875595555556
268.88489 0.0005006657961860464 0.00011392322083720936
268.980858 0.00047792730302941174 0.00010730179757352943
269.076826 0.0004914861003203885 0.0
280.183847 -0.008046518187777778 0.0
280.642547 0.0015220755 -0.00471828309
283.838753 -0.008227162789230767 0.0
283.906309 -0.008009328668571427 0.0
284.14142 -0.0009235948884354838 0.0
284.648222 -0.003440506114038462 0.0
284.690397 -0.0033617629808620703 0.0
290.764172 -0.00721523602 0.0
290.835097 -0.007116392906666667 0.0
290.906022 -0.00688602997 0.0
291.026947 -0.00340024895 0.0
296.148534 -0.00048095441390410946 0.0
296.436437 0.0005982370215 -0.00022721373600000002
296.72434 0.0004627727875 0.0
296.820308 0.000689261419 -0.000158621407
297.396114 -0.00067110953 0.00185856852
297.58805 -0.000944645361 0.00172475794
297.779985 -0.000695262479 -0.00125376378
297.875953 -0.000796690431 0.000813426913
297.971921 -0.000716547163 0.000893274237
298.45176 -0.000243628373 0.000698503608
298.547727 0.0005189738835333332 -0.00023661575926666668
298.643695 0.0005130042898571427 0.0
298.739663 0.0004997840907323943 0.0
298.83563 0.00047449420056481476 0.0
309.880152 -0.00963102766 0.0
310.004392 -0.0079443796 0.0
310.066132 -0.007790785916666667 0.0
310.127872 -0.007670388101800003 0.0
310.189612 -0.007542868729930555 0.0
310.301352 -0.003876064155454546 0.0
310.351352 -0.000322748863644628 0.0
311.659958 0.004169198855 0.0
313.597558 -0.008214136706 0.0
313.665114 -0.00803287591131579 0.0
313.732669 -0.00790170074755102 0.0
313.850225 -0.004355434041067961 0.0
313.900225 -0.0009188836596800001 0.0
314.364852 -0.00356582362 0.0
314.407027 -0.0034481085702083333 0.0
314.491377 -0.003294558726460675 0.0
314.583552 0.0003587580584834439 0.0
320.452052 -0.00737153002 0.0
320.522977 -0.0071581228 0.0
320.593902 -0.007031493175 0.0
320.664827 -0.006949348485 0.0
320.785752 -0.00339801139 0.0
320.835752 0.0 0.0
326.195242 0.0006125607580000001 0.0006257630050000001
326.483145 0.000609889841 -0.000396806489
326.771048 0.0 -0.00246118428
326.867016 0.0006071514745000001 0.0
327.442823 -0.000647880613 0.000933536375
327.53879 -0.000529096192 -0.00134120488
327.634758 -0.000819160475 0.00138391745
327.730726 -0.0009683528016666667 0.0011214739966666667
327.922661 -0.000694531939 0.000681544429
328.114597 0.0002239279465 0.0008908490435
328.210565 0.0006074439115 0.0
339.701457 -0.00806348397 0.0
339.824937 -0.007779655444736842 0.0
339.886677 -0.007672138866935485 0.0
339.948417 -0.007546796093239436 0.0
341.698763 0.00194829454 -0.00566443243
341.757513 0.00333693788 0.00509357432
343.423919 -0.008004214005 0.0
343.491474 -0.007908464224069768 0.0
343.60903 -0.004342177874086021 0.0
343.65903 -0.0009231589782407409 0.0
344.123657 -0.00358495174 0.0
344.165832 -0.0034361361683636358 0.0
344.208007 -0.003349705197809523 0.0
344.342357 0.0003370584785744682 0.0
345.266057 0.00197651469 0.00520118992
350.423632 -0.00688944499 0.0
350.544557 -0.003394349895 0.0
355.858079 0.000569227217 0.000186378627
355.954047 0.0007255159209999999 -0.00020764969999999998
357.201628 0.0 -0.0006730989765
357.297595 -0.000473902037 0.000638846923
357.969369 0.00011713302766666669 0.000757751664
358.065337 0.0005230726294000001 0.0007428076561999999
358.161305 0.00048344333884615395 0.0
358.257273 0.0005062852080675677 0.0
358.35324 0.0005007073473160495 0.00024553039432098774
369.397762 -0.00961374665 0.0
369.460262 -0.008044596194000001 0.0
369.522002 -0.007909620013333334 0.0
369.583742 -0.0077864940685294145 0.0
369.645482 -0.007656285214181818 0.0
369.707222 -0.007533162576587302 0.0
369.818962 -0.003863768880484849 0.0
369.868962 -0.0003082569251769912 0.0
371.633818 -0.000804537887 0.0023447546
373.250279 -0.007934576758589745 0.0
373.367835 -0.0043956706860563384 0.0
373.832462 -0.0014609862 -0.0021412689
373.882462 -0.00362053563 0.0
373.924637 -0.0034368125108333336 0.0
373.966812 -0.0033261255500900886 0.0
374.008987 -0.003293925356463414 0.0
374.101162 0.0003281720258148148 0.0
376.545787 -0.00920078677 -0.002059741615
376.616712 -0.00889893155 -0.00232583221
376.858562 -0.00184486798 -0.00176075805
379.957162 -0.00740206342 0.0
379.969662 -0.0073319666600000005 0.0
380.111512 -0.00710835334 0.0
380.303362 -0.0033956504575 0.0
385.424949 -0.00042657196573132525 0.00013592276722891562
385.904787 0.000385352666 0.000497579446
386.096723 0.00076957586 0.000178549712
386.192691 0.000664633135 -0.00022526043
386.384626 0.0 0.0007552750413333335
386.576562 -0.00024341228657499998 -0.001868087225
386.672529 0.000546974949 0.000234286965
386.768497 0.000799648441 0.0
386.864465 0.000830934155 -0.000317069857
387.344304 -0.000612211669 -0.0011478505049999999
387.440271 -0.0006212426725000001 -0.00032857409700000003
387.632207 0.0006505727145 0.0
387.728174 0.0005385907765 0.0
387.824142 0.00042405872209523815 -0.0001362676179047619
387.92011 0.0004844910353076924 0.0
399.156567 -0.00960925354 0.0
399.404287 -0.007664826535178574 0.0
399.466027 -0.007536115000283691 0.0
399.577767 -0.003875072472250002 0.0
399.627767 -0.000308944397262295 0.0
403.17664 -0.0009340989624264706 0.0
403.641267 -0.00358955431 0.0
403.683442 -0.0034568339040816323 0.0
403.725617 -0.0033422351291089126 0.0
403.767792 -0.003260961462486187 0.0
403.859967 0.00034585581785606065 0.0
409.799392 -0.0071725971 0.0
409.870317 -0.00709341399 0.0
415.183754 -0.0004282750955767856 0.0
415.279721 0.000607643528 0.000550419596
415.375689 0.000938268387 -0.000263585597
416.047463 0.000719205943 -0.000371866299
416.335367 0.000163866554 -0.000705371135
416.527302 0.000605151792 -0.000180752858
416.719238 -0.000387785951 -0.00105139214
417.007141 -0.000738459544 0.0001963890935
417.103109 -0.000375390726 0.0011224309
417.391012 0.00041906934333333333 0.0008388347273333334
417.486979 0.00029696344180000004 -0.00047284207080000004
417.582947 0.00044389851241666663 0.0
417.774883 0.0005024292598727273 0.0
417.87085 0.0005102612949791666 0.0
428.977872 -0.008062288267499999 0.0
429.039612 -0.00794896187 0.0
429.101352 -0.007795979246562501 0.0
429.224832 -0.00753861373337931 0.0
429.386572 -0.0003079275031020407 0.0
430.975178 0.00383057575 0.00606939269
432.147666 -0.00857834574 -0.00638097018
432.632778 -0.00822924960117647 0.0
432.700334 -0.008042325285151515 0.0
432.767889 -0.007926028041515154 0.0
432.885445 -0.004386036270000001 0.0
433.442247 -0.0034359958448936176 0.0
433.526597 -0.0032808134005294105 0.0
433.618772 0.00034674553703623203 0.0
439.487272 -0.00731262266 0.0
439.629122 -0.007065738435 0.0
439.700047 -0.00698224449 0.0
439.820972 -0.00340584142 0.0
444.942559 -0.0004344627954102563 0.0
445.134494 0.0006352754905 0.0
445.230462 0.000654647358 -0.00049762022
445.806268 0.000676016142 0.00018596507
446.190139 0.0 -0.0011003707245000002
446.382075 -0.00042758842 0.00152884292
446.765946 0.000623009371 0.000649188047
447.149817 0.0006601513344285714 0.0002051453212857143
447.533688 0.0005143011725757576 0.0
447.629655 0.0005091684176701032 0.0
458.736677 -0.008059186824666668 0.0
458.798417 -0.007926337035999998 0.0
458.860157 -0.007790779686470589 0.0
458.983637 -0.007528197120965514 0.0
459.095377 -0.0038689408905847942 0.0
459.145377 -0.000307822977682927 0.0
459.464077 0.00101853781 -0.00208788235
462.391583 -0.008189058334545456 0.0
462.459139 -0.007984481761034484 0.0
462.526694 -0.007933670253974361 0.0
462.69425 -0.0009444699963098589 0.0
463.201052 -0.0034455750414705884 0.0
463.243227 -0.0033426260146280987 0.0
463.285402 -0.003271489252266667 0.0
463.377577 0.0003425543521296297 0.0
466.084977 -0.00519819203 -0.000434161864
469.387927 -0.0071132819699999995 0.0
469.458852 -0.00698131015 0.0
469.579777 -0.00339133284 0.0
